-6.794980714285715, 8.440777611111113
-6.78358851612903, 8.167652695852535
-6.76746388655462, 7.807533907563026
-6.755791488687783, 7.642520176470588
-6.743285902985075, 7.731095940298507
-6.7278155, 8.118944406249998
-6.714349344827587, 8.07457151724138
-6.69867523076923, 8.15543169230769
-6.685492260869564, 8.065414173913043
-6.671492761904762, 8.015427904761905
-6.658008041666666, 7.935560125000001
-6.643918722222223, 7.950160888888888
-6.629348655172414, 7.955759379310344
-6.616440315789474, 7.91546157894737
-6.603651913043477, 8.071256347826084
-6.5874287272727265, 8.281270090909091
-6.574644592592592, 8.147688518518523
-6.560647821428572, 8.32628217857143
-6.5472122000000015, 8.22330616
-6.532933225806451, 8.292457645161289
-6.518882952380953, 8.19849404761905
-6.506408148148148, 8.318395407407406
-6.491412238095238, 8.157581285714288
-6.476891875, 8.103194833333333
-6.463231176470588, 8.060052352941177
-6.44967776190476, 8.204415904761905
-6.435286571428572, 8.205428714285715
-6.422244500000001, 8.141534666666667
-6.4080801923076915, 8.105365846153843
-6.3922561788079495, 7.727704112582779
-6.38050203030303, 7.730714636363636
-6.366388058823528, 7.758760901960784
-6.3538330882352945, 7.852793441176471
-6.337035576923076, 7.922950076923077
-6.325889833333334, 8.14145875
-6.308700000000001, 8.598227625
-6.2960054, 8.597642400000002
-6.281738333333334, 8.599812666666667
-6.267608888888889, 8.600612666666667
-6.2542976999999995, 8.600052100000001
-6.240920857142856, 8.599721857142857
-6.22706775, 8.601295333333333
-6.214190666666666, 8.601042666666666
-6.198195142857144, 8.602211142857143
-6.185364777777777, 8.603638555555555
-6.168777666666667, 8.606703777777778
-6.155431, 8.60697177777778
-6.1419665, 8.607494500000001
-6.1291837000000005, 8.607259899999999
-6.113385285714285, 8.608855857142858
-6.100713416666667, 8.608954083333334
-6.090031428571429, 8.609675571428571
-6.0752038, 8.6121701
-6.062063333333334, 8.611647
-6.0465255, 8.6124
-6.033163999999999, 8.613897333333332
-6.018752222222222, 8.614241444444446
-6.003791272727272, 8.61482290909091
-5.991783166666667, 8.616843833333332
-5.975992909090908, 8.617197454545455
-5.9653535, 8.615300000000001
-5.948813272727272, 8.618747181818181
-5.935067599999999, 8.61806
-5.921505600000001, 8.619991500000001
-5.904919, 8.619564500000001
-5.891274714285714, 8.620108571428572
-5.881544857142858, 8.621511285714286
-5.86535725, 8.620538416666667
-5.851998875, 8.61982025
-5.837537571428572, 8.618493785714287
-5.823799125, 8.616413375
-5.810327999999999, 8.616628833333335
-5.796083153846155, 8.617574461538464
-5.7817555, 8.617402583333334
-5.767021, 8.616578800000001
-5.751417888888889, 8.616712222222224
-5.740583, 8.615995
-5.724218125, 8.617782499999999
-5.7126269999999995, 8.615767
-5.697580749999999, 8.618659625
-5.679579, 8.619014
-5.672272, 8.619396599999998
-5.657402666666667, 8.6180225
-5.64269125, 8.617571250000001
-5.62946825, 8.617899249999999
-5.6153249999999995, 8.618358
-5.6028438000000005, 8.618137800000001
-5.585022500000001, 8.620274333333333
-5.573905666666666, 8.617431333333334
-5.5592421666666665, 8.619006666666666
-5.548583, 8.6177075
-5.529198500000001, 8.620150166666667
-5.511979, 8.618914
-5.50295025, 8.6227615
-5.4939492, 8.6212136
-5.479086333333332, 8.621694
-5.464778750000001, 8.61965625
-5.453074, 8.621697666666666
-5.435637, 8.622064666666667
-5.4251185, 8.622995
-5.406207799999999, 8.6245474
-5.39519075, 8.625355250000002
-5.3761465, 8.62683975
-5.363656333333334, 8.622127666666666
-5.347308000000001, 8.626516333333333
-5.339444, 8.627068666666666
-5.318922000000001, 8.627721000000001
-5.308072333333333, 8.628184333333332
-5.293422399999999, 8.629333200000001
-5.277554, 8.629480749999999
-5.263719333333333, 8.626386666666667
-5.2500505, 8.6299395
-5.239954, 8.630681249999999
-5.227656, 8.621516
-5.2107118, 8.6318128
-5.19645325, 8.63022
-5.18358875, 8.63313875
-5.1701524999999995, 8.63230475
-5.161979, 8.623362
-5.1448368, 8.634371999999999
-5.129993499999999, 8.629572
-5.113695333333333, 8.6351
-5.0986937999999995, 8.6335562
-5.08553575, 8.63670775
-5.0725644999999995, 8.63216825
-5.057471666666666, 8.637014500000001
-5.0448435, 8.636149
-5.030982000000001, 8.635037166666667
-5.016979600000001, 8.639856400000001
-5.00056075, 8.636102
-4.9911914, 8.6387088
-4.978028, 8.638145249999999
-4.963123833333333, 8.6406285
-4.9489935, 8.63916275
-4.932112625, 8.641271125
-4.9196735, 8.63541
-4.905194333333333, 8.643627166666667
-4.8921975, 8.639396249999999
-4.875578666666667, 8.647269
-4.865905571428572, 8.641260999999998
-4.847622, 8.648195666666666
-4.8380012500000005, 8.642613875
-4.8162476666666665, 8.644118333333333
-4.8122377499999995, 8.6479195
-4.795782249999999, 8.64245125
-4.77964475, 8.64741075
-4.76791875, 8.64374675
-4.752330333333333, 8.648599666666666
-4.740055, 8.645233999999999
-4.7251292, 8.648825800000001
-4.717166000000001, 8.652183999999998
-4.70014525, 8.64861725
-4.68386475, 8.64717725
-4.6683788, 8.6504582
-4.65344425, 8.65144175
-4.641138166666667, 8.648688666666667
-4.626734714285715, 8.652223428571428
-4.611189666666667, 8.651346333333334
-4.6008254, 8.650458
-4.583169000000001, 8.653645
-4.570555166666667, 8.654188833333334
-4.5572104, 8.6538318
-4.542169599999999, 8.653571600000001
-4.530390571428572, 8.654232714285714
-4.515871000000001, 8.650389666666667
-4.501747666666667, 8.652146666666667
-4.4878092, 8.6538316
-4.474029666666667, 8.654993166666666
-4.4598616, 8.6579832
-4.445551, 8.656627333333335
-4.433788600000001, 8.659764599999999
-4.418329166666667, 8.657680166666667
-4.402194333333333, 8.663766333333333
-4.389256333333333, 8.663425333333334
-4.379457400000001, 8.6637278
-4.363973333333333, 8.665958833333333
-4.353029, 8.662313333333332
-4.336857, 8.6623275
-4.321091333333334, 8.664288999999998
-4.307892571428572, 8.669060000000002
-4.297847, 8.663857166666665
-4.2831866000000005, 8.6673996
-4.2671135, 8.665155875
-4.252072166666666, 8.667376666666668
-4.237737, 8.664568833333332
-4.224839, 8.668674
-4.211004555555556, 8.667595333333335
-4.196688375, 8.665570125
-4.181042666666666, 8.668611
-4.168933666666667, 8.665740166666668
-4.152774833333333, 8.670126833333333
-4.140345000000001, 8.6670238
-4.1284052, 8.6711002
-4.112066153846154, 8.66976623076923
-4.098683333333334, 8.670642222222222
-4.0854438, 8.6719922
-4.0709497500000005, 8.6711315
-4.059827, 8.672199
-4.043222800000001, 8.6725504
-4.0289786, 8.6764042
-4.0155598, 8.672328000000002
-4.001046, 8.6752865
-3.9869020000000006, 8.67520975
-3.975794, 8.675149000000001
-3.962828333333333, 8.676676333333333
-3.946835333333333, 8.678280833333332
-3.9326423333333334, 8.678870000000002
-3.9178581666666665, 8.676646500000002
-3.904590166666667, 8.679022
-3.8921522499999996, 8.679724875
-3.876443, 8.6800265
-3.861421, 8.681246
-3.8480596666666664, 8.682080000000001
-3.834220333333333, 8.682172666666666
-3.8212018, 8.681447799999999
-3.8066431666666674, 8.682576666666668
-3.7936385, 8.683406999999999
-3.7840045, 8.683685
-3.7660722, 8.686336
-3.7525180000000002, 8.684986
-3.7378400000000003, 8.686435333333334
-3.7239796666666662, 8.6849545
-3.7122523999999997, 8.686669599999998
-3.697927, 8.687532500000001
-3.6851253999999996, 8.6877438
-3.667375, 8.6903255
-3.6545692499999998, 8.6885945
-3.6405468000000005, 8.6897298
-3.6267281999999996, 8.688154099999998
-3.6118023999999997, 8.690152399999999
-3.5998215000000005, 8.690616875
-3.5825655, 8.69299775
-3.5717702000000005, 8.691228800000001
-3.558200333333333, 8.692062
-3.5421579999999997, 8.69272275
-3.5294828333333332, 8.6923345
-3.51248175, 8.691955499999999
-3.4991548333333333, 8.693477999999999
-3.4887217000000006, 8.694657
-3.47655225, 8.6936485
-3.463901, 8.693663333333333
-3.447105285714286, 8.694689
-3.4301496, 8.6952698
-3.4175945, 8.693743000000001
-3.40607975, 8.69554725
-3.3900628, 8.6977894
-3.3741144, 8.6966748
-3.3602078, 8.697793800000001
-3.347653571428572, 8.696938142857144
-3.3326995, 8.697431916666666
-3.3227651000000002, 8.6978081
-3.3066937142857147, 8.697732142857143
-3.2951757500000003, 8.699599749999999
-3.2797588333333327, 8.698915166666668
-3.2638550000000004, 8.700533400000001
-3.2537344, 8.699977
-3.236835, 8.700503000000001
-3.2241723333333336, 8.701941166666666
-3.2086677999999997, 8.7031284
-3.1949346666666667, 8.701387166666667
-3.1796779999999996, 8.702806666666666
-3.165314, 8.70453675
-3.1547767500000004, 8.703380249999999
-3.139256666666667, 8.704411666666667
-3.1274485, 8.70652725
-3.1140485, 8.70722225
-3.1000696666666663, 8.705093666666667
-3.084742, 8.707964500000001
-3.0696930000000004, 8.707866333333333
-3.056715076923077, 8.709269384615386
-3.0427416000000003, 8.7093156
-3.027864375, 8.711693875
-3.01602975, 8.710513749999999
-3.0033933999999998, 8.709578
-2.9880404, 8.7120244
-2.973245272727273, 8.71186609090909
-2.9596077999999997, 8.7134322
-2.9475987499999996, 8.713429999999999
-2.9352741428571427, 8.715522
-2.9211112, 8.714395199999998
-2.902894888888889, 8.716396333333332
-2.890113, 8.715654
-2.87337375, 8.71748575
-2.8621445999999997, 8.716990599999999
-2.8460804, 8.716212200000001
-2.8353478333333335, 8.720907666666667
-2.820490833333334, 8.716860333333331
-2.805073, 8.72079418181818
-2.7920884000000004, 8.7178422
-2.779218, 8.721276
-2.766391666666667, 8.721089777777777
-2.748489, 8.7237595
-2.7359941999999995, 8.7225687
-2.7235388333333326, 8.725475666666666
-2.70888525, 8.724303583333334
-2.6963185000000003, 8.725383
-2.6799443333333333, 8.724179777777778
-2.6701965, 8.728257500000002
-2.6516244444444443, 8.725725444444443
-2.638693, 8.727453166666667
-2.6231266666666664, 8.726989833333333
-2.6123610000000004, 8.729525166666667
-2.5960063333333334, 8.72881288888889
-2.583208, 8.730695142857142
-2.5678528333333333, 8.729184166666668
-2.554126142857143, 8.732124857142857
-2.5413486, 8.731367800000001
-2.5276283750000004, 8.732937625
-2.5141956, 8.7345212
-2.5014662857142858, 8.735354428571428
-2.486654666666667, 8.734992333333333
-2.473482285714286, 8.738398142857145
-2.4574552499999998, 8.738614125
-2.44327375, 8.739333
-2.4338601428571423, 8.741100000000001
-2.4160984444444447, 8.741993222222224
-2.4026039999999997, 8.7413396
-2.3903205, 8.7444725
-2.373955111111111, 8.743414111111111
-2.359024571428571, 8.74652442857143
-2.348342142857143, 8.746024142857143
-2.3356053333333335, 8.745142444444447
-2.319732909090909, 8.746505272727275
-2.305262111111111, 8.746583
-2.2908265555555554, 8.745905999999998
-2.2773162, 8.746751399999999
-2.2630164, 8.7479745
-2.2487423000000004, 8.747811
-2.2353525999999997, 8.7476965
-2.2208195833333333, 8.747391416666664
-2.2084123076923077, 8.747958307692306
-2.192925, 8.748193857142859
-2.1775996363636363, 8.748558090909091
-2.1670605000000003, 8.7472918
-2.1544149090909097, 8.747951545454546
-2.139169846153846, 8.745822461538461
-2.1248075454545456, 8.74705790909091
-2.1111691666666665, 8.746050333333333
-2.097616727272727, 8.746905272727272
-2.083520666666667, 8.745648333333333
-2.0697532727272727, 8.745510545454547
-2.0521891111111112, 8.744959666666666
-2.039411142857143, 8.745731857142857
-2.026565, 8.7453069
-2.014722777777778, 8.744422111111112
-2.00065675, 8.7447629375
-1.9871709166666667, 8.746094833333334
-1.97038225, 8.74644325
-1.9583718333333335, 8.748426333333333
-1.9440585000000001, 8.748012300000003
-1.928341375, 8.748318375
-1.915245857142857, 8.74912
-1.902596714285714, 8.748802285714286
-1.888453, 8.751276777777775
-1.8739594285714287, 8.751715714285712
-1.861704875, 8.750450625
-1.8469124444444445, 8.751567111111111
-1.8306427777777776, 8.75208111111111
-1.8175827500000001, 8.751098375000002
-1.801818875, 8.752510625
-1.790103, 8.752103333333334
-1.7794454285714283, 8.753804714285716
-1.76624575, 8.753508625
-1.750988777777778, 8.754244555555555
-1.73227, 8.754893
-1.7232569999999998, 8.756649200000002
-1.7076286666666665, 8.752844833333333
-1.6932463333333334, 8.758402666666667
-1.6831773333333333, 8.746666
-1.6670653333333334, 8.760474666666665
-1.6464050000000001, 8.7610605
-1.6356936666666666, 8.757537
-1.6212435714285716, 8.758916571428571
-1.6086003125, 8.760897687499998
-1.595758555555555, 8.760186333333335
-1.581582, 8.763075624999999
-1.5690223333333333, 8.762358222222222
-1.5560891666666665, 8.763964333333332
-1.542596888888889, 8.763345333333335
-1.5284849999999999, 8.763491250000001
-1.5138971249999997, 8.764697625
-1.5005824444444444, 8.764416333333333
-1.482883142857143, 8.766220285714285
-1.4714969999999998, 8.765808
-1.454811375, 8.767407875
-1.442781625, 8.767013
-1.4270552857142855, 8.768366285714286
-1.4157427142857142, 8.768289857142857
-1.39963725, 8.769306375000001
-1.3872989999999998, 8.768875
-1.3729718888888889, 8.769625111111111
-1.3616104999999998, 8.768425125
-1.3469608333333332, 8.771578083333333
-1.3340212857142857, 8.771171571428571
-1.3187705454545453, 8.773795454545455
-1.3034787142857145, 8.773584571428572
-1.2909303333333333, 8.775391333333333
-1.2757692, 8.7746248
-1.2631476666666668, 8.778139833333334
-1.2501255, 8.7780753
-1.2341608, 8.7796854
-1.2205401428571427, 8.780174
-1.2074367777777777, 8.780993222222222
-1.1913843000000002, 8.7810744
-1.1794478888888886, 8.781855666666665
-1.1657477857142857, 8.781698142857143
-1.1518938999999997, 8.7830403
-1.1374784545454544, 8.783584909090909
-1.1245209999999999, 8.782054857142855
-1.11075275, 8.783509125
-1.0978164285714285, 8.782715714285715
-1.0831108888888887, 8.78461811111111
-1.0670602142857142, 8.783617928571429
-1.054370625, 8.78455
-1.040315125, 8.78661125
-1.02689925, 8.78610125
-1.0138635555555555, 8.787211111111109
-0.9980489, 8.788839800000002
-0.985426, 8.7886376
-0.9727324000000002, 8.790471
-0.9554586, 8.790100700000002
-0.945119, 8.791798285714284
-0.928557, 8.792075428571428
-0.9138268750000001, 8.790062375
-0.9013831, 8.7921389
-0.887807857142857, 8.79084342857143
-0.8749111, 8.7915651
-0.860147375, 8.7910145
-0.8460397000000001, 8.791805300000002
-0.833689, 8.794201666666666
-0.8189654444444444, 8.793842111111111
-0.803406, 8.792962571428571
-0.7892701428571429, 8.794868857142857
-0.7751178750000001, 8.793608125
-0.7589888181818182, 8.796035454545455
-0.74883625, 8.794928624999999
-0.7346647777777778, 8.793204555555555
-0.7206505, 8.794906375
-0.7034136, 8.793269800000001
-0.691793375, 8.795323375
-0.6758525, 8.7942795
-0.6660680999999999, 8.796124299999999
-0.650255, 8.795879555555555
-0.6368741818181818, 8.796305363636362
-0.6218699999999999, 8.7951558
-0.6088767000000002, 8.7970884
-0.593865, 8.796581333333334
-0.5790799999999999, 8.799093222222222
-0.5687327999999999, 8.799163400000001
-0.5551251666666667, 8.7985255
-0.5405731428571429, 8.799793285714285
-0.526364, 8.799483666666667
-0.5112915714285714, 8.800454142857143
-0.497318, 8.801802166666667
-0.485944, 8.8017725
-0.47146722222222226, 8.802944222222221
-0.4578206666666666, 8.802511833333332
-0.44224688888888886, 8.804262555555555
-0.4292464, 8.8027596
-0.414887111111111, 8.805415333333332
-0.39942388888888886, 8.805107666666666
-0.385567125, 8.806235874999999
-0.37217885714285714, 8.805697857142857
-0.3595733, 8.807187200000001
-0.3437508000000001, 8.805074600000001
-0.3301748333333333, 8.807624
-0.31476133333333334, 8.807298833333332
-0.3027562222222222, 8.809842000000002
-0.287869, 8.8080845
-0.277243625, 8.811238375
-0.26052933333333333, 8.811744666666668
-0.24879966666666667, 8.8117465
-0.2345505714285714, 8.812764714285715
-0.22005962499999998, 8.813482749999999
-0.20504242857142857, 8.814116714285714
-0.19120283333333332, 8.814709666666667
-0.17827528571428572, 8.817134857142857
-0.16399814285714287, 8.819147571428571
-0.1520375714285714, 8.817400142857142
-0.1363271, 8.8183455
-0.124315, 8.818844799999999
-0.1096495, 8.815825333333333
-0.09673583333333335, 8.818542333333333
-0.08307444444444445, 8.817747888888888
-0.06697312500000001, 8.819323500000001
-0.0530945, 8.818718875
-0.04004083333333333, 8.820949833333332
-0.0277646, 8.8184
-0.010482374999999999, 8.821775500000001
0.0010668000000000001, 8.8224054
0.015331666666666667, 8.823422166666665
0.027705374999999997, 8.823072375
0.04328883333333333, 8.825277333333334
0.057850571428571425, 8.823965714285716
0.07243139999999999, 8.825403
0.08457457142857143, 8.825103142857143
0.09892144444444444, 8.826831555555554
0.115397, 8.825506
0.126417125, 8.827175375
0.14201775, 8.82624825
0.15600175, 8.827453375
0.17123, 8.826359333333334
0.18278657142857144, 8.828731000000001
0.199463, 8.8265908
0.212193, 8.830213142857144
0.22635840000000002, 8.827851800000001
0.23941883333333333, 8.831513000000001
0.25444083333333334, 8.831083333333334
0.26467599999999997, 8.830803333333334
0.278328625, 8.830743125
0.2968118, 8.8311496
0.30772012499999996, 8.833150499999999
0.323127, 8.83152725
0.33548414285714284, 8.833761571428571
0.3489564, 8.8384886
0.36198928571428574, 8.835375428571428
0.3779761666666666, 8.835095333333333
0.39227, 8.836766999999998
0.40577212500000004, 8.83769275
0.420788375, 8.837366124999999
0.4334322857142857, 8.836933857142858
0.44847942857142853, 8.837121285714286
0.4611532857142856, 8.839558142857143
0.4747165, 8.8412465
0.487852625, 8.84052
0.5025212857142857, 8.841018000000002
0.5174077142857143, 8.842101428571429
0.5303018333333334, 8.8418285
0.5448218333333332, 8.840440333333332
0.5608482857142857, 8.842655857142859
0.5748401666666667, 8.841090833333334
0.5891065, 8.8407925
0.6014986666666666, 8.842952222222223
0.6137071111111112, 8.843572444444442
0.6267593124999999, 8.8417341875
0.6429595555555555, 8.841061777777778
0.6577994285714286, 8.845064
0.67070375, 8.846680375
0.6831699999999999, 8.847826272727271
0.6972028, 8.845531699999999
0.7114798333333333, 8.846773166666667
0.7240214285714286, 8.846203142857144
0.7403064444444444, 8.847790555555555
0.7530128333333334, 8.849304666666667
0.7677288333333333, 8.847853500000001
0.782174625, 8.84960075
0.79694475, 8.8510335
0.8091681666666668, 8.849617666666667
0.818164, 8.851351600000001
0.8362283749999999, 8.85152275
0.8497809999999999, 8.8517562
0.8664310000000001, 8.852088166666666
0.877432857142857, 8.853087428571428
0.8937842500000001, 8.85353825
0.906757625, 8.854604125
0.9196960000000001, 8.856559666666667
0.9341241, 8.8551297
0.94962075, 8.85645675
0.9640802500000001, 8.8548335
0.973526, 8.856468833333334
0.991093, 8.855342250000001
1.0036406666666668, 8.859219166666668
1.0165045, 8.8560845
1.0328301666666668, 8.858789166666668
1.0443338888888887, 8.857676666666666
1.060217, 8.859033833333333
1.0745372499999999, 8.85803025
1.0905665, 8.8611355
1.0995735, 8.8616285
1.115093, 8.8611355
1.1272047142857142, 8.861293571428572
1.1462235, 8.86377925
1.1577265999999997, 8.8610232
1.167191, 8.867246
1.1851283333333333, 8.864039499999999
1.203871, 8.865522333333333
1.2124460000000001, 8.863850666666666
1.2262833333333332, 8.866575
1.24047425, 8.86525825
1.25455, 8.8708655
1.2699233333333335, 8.864595666666666
1.2804205, 8.874668
1.2953243333333333, 8.868120666666668
1.310879, 8.870309500000001
1.3276185, 8.867624
1.335222, 8.871882666666666
1.3570659999999999, 8.867994333333334
1.3669236666666666, 8.878550333333331
1.3809274999999999, 8.874662
1.3927945000000002, 8.87044525
1.401181, 8.868736
1.4208011428571428, 8.872969
1.438429, 8.876519
1.4510830000000001, 8.872810999999999
1.4595140000000002, 8.876578666666667
1.478661, 8.8783362
1.4905586666666668, 8.875092666666667
1.5053174999999999, 8.8767915
1.5181345000000002, 8.8776925
1.5310465, 8.884303
1.5461850000000001, 8.879109999999999
1.558724, 8.8768864
1.5760396666666665, 8.881613833333335
1.5857521666666665, 8.881056333333333
1.6016985000000001, 8.8818455
1.615191, 8.882226
1.6300156666666668, 8.882201333333335
1.6434015714285715, 8.882660571428572
1.656753111111111, 8.883520888888889
1.671365111111111, 8.882674666666666
1.6869575, 8.8843475
1.703603, 8.888506333333334
1.7099543333333334, 8.885103666666666
1.7306156666666668, 8.889366333333333
1.7397593333333334, 8.885600333333334
1.7555843333333334, 8.885348333333333
1.764542, 8.8869885
1.7780936666666667, 8.890726666666668
1.795614142857143, 8.89044442857143
1.8118306666666666, 8.889922333333333
1.8247046, 8.8908258
1.8390796666666667, 8.889244
1.85559425, 8.8881005
1.8677926666666667, 8.893013333333334
1.881464, 8.893477
1.8914185, 8.89366
1.9058003333333333, 8.893506333333333
1.920491, 8.8942105
1.9334243333333332, 8.891282333333335
1.9489196666666668, 8.890723
1.9602575, 8.892965499999999
1.9741545, 8.8923595
1.99267175, 8.894310749999999
2.009057, 8.8935655
2.0231945, 8.8911585
2.034841, 8.889120199999999
2.048288, 8.887083
2.0573878, 8.887712400000002
2.072598, 8.884303
2.0898285999999997, 8.8855618
2.1053, 8.886338
2.1184316, 8.8809292
2.1304232499999998, 8.87633
2.146094, 8.876885999999999
2.156613333333333, 8.871575
2.1748105, 8.869292
2.184905333333333, 8.867067999999998
2.19680825, 8.86368475
2.21632175, 8.85567
2.2272665999999997, 8.8522012
2.2462693333333337, 8.845944666666666
2.2553193333333335, 8.844021
2.272047, 8.83694775
2.2818572222222224, 8.831668222222223
2.2968538333333335, 8.826726666666667
2.3099818571428576, 8.819860857142858
2.3269216666666668, 8.814557666666667
2.338577, 8.807111500000001
2.350461, 8.8037226
2.3694925, 8.7943295
2.3775299999999997, 8.789783333333334
2.39199525, 8.7829325
2.4087685, 8.77398375
2.4330455, 8.7619835
2.4514865, 8.751235999999999
2.468153, 8.744381
2.4784623333333333, 8.738945666666666
2.4925846666666667, 8.729123
2.509308, 8.723248
2.518904, 8.721119
2.535323, 8.7124125
2.5436392499999996, 8.706249249999999
2.563803, 8.696754666666665
2.5724985, 8.6924865
2.592543, 8.6807215
2.596309, 8.682295
2.621565, 8.66784
2.6345505, 8.661540500000001
2.6422999999999996, 8.658944
2.656871, 8.649989666666666
2.673546333333333, 8.641590333333333
2.6880735, 8.6348535
2.7041345000000003, 8.627159500000001
2.7140199999999997, 8.62239175
2.72269, 8.617707500000002
2.738645, 8.610021249999999
2.7553004, 8.6014232
2.766336, 8.6002
2.7827924000000004, 8.5883
2.7936985, 8.582409
2.8099031666666665, 8.573016500000001
2.8217720000000006, 8.568505666666667
2.8390815, 8.56012275
2.849925, 8.5547045
2.86687325, 8.5467345
2.8760763333333332, 8.541266666666667
2.894132285714285, 8.530965142857143
2.909201, 8.5200455
2.9225624000000003, 8.5155806
2.9385806666666667, 8.507348333333333
2.950341, 8.4982678
2.9669879999999997, 8.48710075
2.9768678, 8.480587599999998
2.995489333333333, 8.466888333333333
3.0083565, 8.460004999999999
3.017843, 8.44976175
3.037451666666667, 8.433684000000001
3.0445339999999996, 8.4338695
3.0582392, 8.416874799999999
3.07883125, 8.40014075
3.0888903333333335, 8.391090333333333
3.106151, 8.377568571428572
3.1197345, 8.366413000000001
3.129974, 8.35788675
3.14554, 8.3438905
3.1571523999999997, 8.333143
3.1721225, 8.320772999999999
3.1844178, 8.310683800000001
3.2025659999999996, 8.2954
3.213279, 8.284465666666666
3.22898425, 8.272911749999999
3.2398113333333334, 8.260373666666666
3.254221, 8.2516985
3.27259375, 8.233257
3.289757, 8.225095
3.2968196666666665, 8.213301000000001
3.311700666666667, 8.200083333333334
3.3259136666666667, 8.191929666666667
3.33916, 8.177192
3.3567134999999997, 8.165055500000001
3.3658146666666666, 8.154615999999999
3.381875666666667, 8.140097666666668
3.396448, 8.1317855
3.4074189999999995, 8.120208666666667
3.4268735, 8.1059385
3.4387399999999997, 8.09194175
3.451673, 8.076472
3.46496825, 8.071184500000001
3.4780499999999996, 8.059976500000001
3.49069925, 8.05071075
3.5094640000000004, 8.0325445
3.518064, 8.022772750000001
3.532563666666667, 8.013339333333334
3.54745675, 8.000672999999999
3.560683, 7.9910744
3.5763966666666662, 7.977382333333334
3.5886948333333333, 7.963051166666666
3.6034975, 7.9553635
3.6179085, 7.941212499999999
3.63132925, 7.9299725
3.64803225, 7.915931250000001
3.6571651666666667, 7.904549666666667
3.6750366, 7.8931112
3.6878969999999995, 7.881447333333334
3.6992616, 7.8720178
3.717608333333333, 7.8544211666666675
3.728956, 7.8440245
3.74182025, 7.834851
3.7565838333333335, 7.823130833333334
3.773431, 7.806824
3.7862899999999997, 7.7960742
3.796031333333333, 7.785693333333334
3.8116446666666666, 7.7760585
3.8265013333333333, 7.762342333333334
3.8341323333333333, 7.756845666666667
3.8540859999999997, 7.738569428571429
3.870141333333333, 7.722564333333334
3.880494666666666, 7.716724500000001
3.896162, 7.703594666666667
3.9045009999999998, 7.696307333333333
3.9255938571428572, 7.677173999999999
3.94127, 7.6647675
3.9504395000000003, 7.6578230000000005
3.9650825000000003, 7.6437817500000005
3.978234333333333, 7.635396833333334
3.9938879999999997, 7.618533285714285
4.007278666666667, 7.609823666666667
4.018095999999999, 7.5990724285714295
4.0377540000000005, 7.582765000000001
4.0505205, 7.571319
4.062014875, 7.561012625
4.079101571428572, 7.547393714285714
4.0907914000000005, 7.5366962
4.104974999999999, 7.524649571428571
4.118682333333333, 7.514285000000001
4.131299125, 7.500689124999999
4.145348857142857, 7.490023571428572
4.16115325, 7.476436125
4.1742664000000005, 7.465302599999999
4.186714555555556, 7.453551666666666
4.20244588888889, 7.438602333333334
4.2158902, 7.425534399999999
4.2274892500000005, 7.41859
4.24342675, 7.404043
4.25774975, 7.391067625000001
4.272025666666667, 7.383167833333334
4.284407888888889, 7.3728341111111115
4.298692625, 7.358775250000001
4.313258142857142, 7.347798714285714
4.3243868333333335, 7.3366533333333335
4.3409295, 7.324075500000001
4.3549518, 7.3127830000000005
4.366852571428571, 7.301069857142857
4.382986888888889, 7.287830555555555
4.396496, 7.27526525
4.4103517142857145, 7.264747428571428
4.424892, 7.254221200000001
4.436815, 7.242113875
4.453040714285715, 7.229192142857143
4.4663335, 7.218384333333333
4.47759875, 7.2083175
4.493868399999999, 7.196066
4.5049858, 7.1840948
4.521235571428571, 7.171422857142857
4.536203, 7.156423
4.5464725, 7.149801
4.565345600000001, 7.1352047999999995
4.57686075, 7.12135175
4.591219000000001, 7.112227399999999
4.604153, 7.09809525
4.6201479999999995, 7.086142
4.631072333333333, 7.077570333333334
4.647024714285714, 7.061444714285714
4.657556333333333, 7.057184666666667
4.6734325000000005, 7.039608666666666
4.6893062, 7.0262314
4.704849666666666, 7.0141263333333335
4.7139235, 7.005199666666667
4.731365714285714, 6.991762142857143
4.7402500000000005, 6.981943333333334
4.758112444444445, 6.967940111111111
4.774248249999999, 6.9521965
4.785193166666667, 6.944596333333334
4.798315199999999, 6.933310199999999
4.81374975, 6.919786125
4.8308708000000005, 6.906438799999999
4.8390264, 6.8968384
4.8561643750000005, 6.885016750000001
4.8720648, 6.872079599999999
4.879656000000001, 6.864851799999999
4.896451571428572, 6.850679857142857
4.9119280000000005, 6.8347560000000005
4.9246035, 6.827875166666668
4.93943475, 6.8146375
4.952071200000001, 6.802398200000001
4.9664026, 6.790833999999999
4.9824391666666665, 6.777311166666667
4.996416333333333, 6.766221666666667
5.0072044, 6.7558452
5.0221292, 6.7414656
5.035321000000001, 6.7319006
5.0522015, 6.719335000000001
5.0636968, 6.706436999999999
5.081617333333333, 6.691168333333334
5.088737249999999, 6.68542325
5.106313599999999, 6.6700783999999995
5.119761333333333, 6.661019666666667
5.1323016, 6.6487268
5.1493313999999994, 6.632416999999999
5.1598135, 6.62445225
5.177420799999999, 6.608917000000001
5.18743, 6.6021215
5.199510399999999, 6.5915728
5.217566166666667, 6.573116500000001
5.2281565, 6.56672
5.245592285714286, 6.550292999999999
5.2600715000000005, 6.5391075
5.2742873333333335, 6.526103333333334
5.2833144999999995, 6.518075
5.299450833333333, 6.503369500000001
5.3132684, 6.4924244
5.3234755, 6.4835075
5.340072, 6.470074875
5.360628666666667, 6.451606333333333
5.3673742, 6.4451666
5.385474374999999, 6.430554875
5.3983945, 6.417538
5.411611000000001, 6.4090095
5.4263965, 6.3938095
5.439547999999999, 6.382938
5.4530769999999995, 6.373306666666667
5.4667692500000005, 6.3598057500000005
5.4842565, 6.347201999999999
5.4902275, 6.3436825
5.510841, 6.324131749999999
5.5217006, 6.3128802
5.5351479999999995, 6.302416333333333
5.5555505, 6.2859560000000005
5.571117, 6.276415
5.578403249999999, 6.26686625
5.58931025, 6.255099
5.6032732, 6.244828999999999
5.618643, 6.232055666666667
5.632883250000001, 6.22034775
5.652386333333333, 6.205428
5.659986833333334, 6.195452500000001
5.676919000000001, 6.18184925
5.687681, 6.1727205000000005
5.704175, 6.159699
5.7220165000000005, 6.1418634999999995
5.731143571428571, 6.136622285714286
5.74611025, 6.122171
5.758552750000001, 6.11281375
5.7716982, 6.100798200000001
5.787374, 6.08858175
5.798567800000001, 6.078041
5.813881000000001, 6.066223428571429
5.82902, 6.0519458
5.841098166666668, 6.041725333333333
5.856002, 6.0297778
5.872125285714285, 6.0139887142857145
5.885533499999999, 6.004677
5.897632142857143, 5.992095857142857
5.912132166666666, 5.979643333333333
5.929095833333332, 5.965187666666666
5.9390220000000005, 5.95473125
5.955628166666667, 5.940597
5.969499, 5.928962200000001
5.982568666666666, 5.915921166666667
5.99751925, 5.901312750000001
6.0048900000000005, 5.895194333333333
6.0248844, 5.876437800000001
6.039855666666667, 5.8638189999999994
6.049724, 5.852015857142858
6.066139999999999, 5.8357072
6.081036, 5.821161
6.091733999999999, 5.8096685
6.1071378, 5.795715
6.119947428571428, 5.779419857142857
6.132878000000001, 5.765715333333333
6.147568, 5.749712499999999
6.1620098, 5.7341088
6.176820600000001, 5.7135398
6.1888214, 5.703054
6.202014000000001, 5.684758
6.218748571428571, 5.664307714285714
6.233527666666667, 5.644234833333333
6.246591, 5.630579
6.2582362499999995, 5.61257825
6.27284842857143, 5.592321428571429
6.286271571428571, 5.5726767142857145
6.300190625, 5.553988625
6.3162902857142855, 5.528572142857143
6.331423999999999, 5.504449222222223
6.344868333333333, 5.481509777777777
6.357897666666667, 5.458550333333333
6.370628777777778, 5.436042222222222
6.382206777777777, 5.414483888888889
6.398902857142857, 5.382282285714287
6.414011272727273, 5.350526363636364
6.427435857142858, 5.320832928571428
6.441356090909091, 5.289554999999999
6.454582533333333, 5.257602533333334
6.469063200000002, 5.2186993333333325
6.4840041428571435, 5.1755948571428565
6.496640400000001, 5.138168866666667
6.510124142857142, 5.092299285714286
6.523927666666666, 5.03909138095238
6.537600096774191, 4.97493870967742
6.552181565217393, 4.889285217391303
6.5691128579234945, 2.7878397814207645
6.579109818685189, 2.5233149854671244
6.590035518518522, 0.20077800000000007
6.606552153846153, 0.05325946153846153
6.620076181818181, 0.02799509090909091
6.6347918888888895, 0.008165555555555556
6.648086571428571, -0.0045130000000000005
6.6621965, -0.014536625
6.674405999999999, -0.0227818
6.690741545454546, -0.029994
6.706910333333333, -0.03588366666666667
6.717228555555556, -0.03966822222222222
6.7330016, -0.0465778
6.745167375, -0.0472695
6.758934999999999, -0.052584200000000005
6.772779333333333, -0.05531922222222222
6.789471714285715, -0.061410000000000006
6.802468166666666, -0.0625355
6.815366142857143, -0.06797685714285714
6.831154124999999, -0.071338875
6.8465595, -0.07590224999999999
6.858075250000001, -0.08055999999999999
6.869889555555556, -0.08247944444444442
6.88700325, -0.08669812499999999
6.899931142857143, -0.08994871428571427
6.912888571428572, -0.092676
6.925897300000001, -0.09721119999999998
6.940039499999998, -0.10000141666666666
6.954557199999999, -0.1028246
6.9696561818181815, -0.10506799999999998
6.984630875000001, -0.107267875
6.995479777777778, -0.10737244444444444
7.010249727272727, -0.10805118181818182
7.024083999999998, -0.10877233333333332
7.038448090909091, -0.10855454545454545
7.052958111111112, -0.10922688888888887
7.0661758571428575, -0.10938442857142858
7.078134222222221, -0.10982744444444442
7.094679374999999, -0.109446
7.105784, -0.11047166666666665
7.1199017000000016, -0.10903510000000001
7.135592909090909, -0.10951590909090908
7.148589800000001, -0.10921739999999999
7.165351749999999, -0.11034799999999999
7.176194111111111, -0.10937155555555556
7.191781571428571, -0.11031042857142857
7.204684, -0.1100158
7.217905399999999, -0.10992359999999998
7.231581, -0.1107918
7.244626, -0.1090835
7.260757818181818, -0.11013963636363636
7.273674666666667, -0.11059783333333334
7.29069511111111, -0.11031655555555556
7.300926800000001, -0.1121848
7.3182730000000005, -0.11120233333333333
7.3327035, -0.1113695
7.348463, -0.1122228
7.3541798, -0.111518
7.371236999999999, -0.11185160000000001
7.383101375000001, -0.1122285
7.397069500000001, -0.11363474999999999
7.413060000000001, -0.112088
7.432111333333334, -0.11149266666666667
7.443316500000001, -0.11316233333333332
7.455374333333334, -0.11186333333333333
7.471416875000001, -0.11345412499999999
7.48488475, -0.114705
7.499807199999999, -0.1137794
7.51026, -0.112298
7.528634500000001, -0.113682
7.537826333333332, -0.11439466666666666
7.5574326, -0.114927
7.570383333333333, -0.116496
7.583483, -0.115323
7.594786, -0.11507266666666667
7.610116333333333, -0.11535266666666666
7.624534199999999, -0.115743
7.637243, -0.117293
7.649730333333334, -0.116989
7.663258000000001, -0.1178178
7.677933444444444, -0.11690988888888887
7.690458333333333, -0.11804166666666666
7.707855300000001, -0.11716839999999999
7.7166440000000005, -0.118316
7.733219428571429, -0.11862099999999999
7.7473604, -0.1188542
7.7581658000000004, -0.1192256
7.772862, -0.1193075
7.788241999999999, -0.11942983333333333
7.8031436, -0.1202264
7.817248666666665, -0.11970599999999999
7.830547888888889, -0.11950333333333335
7.8450191428571445, -0.11843671428571427
7.85861975, -0.11994225000000001
7.870857333333333, -0.11767100000000001
7.884411, -0.11766733333333335
7.899697399999999, -0.118485
7.916538333333333, -0.11964849999999999
7.9286704, -0.1195214
7.944353333333333, -0.12020266666666668
7.951367333333334, -0.11921300000000001
7.9693625, -0.12077625
7.9817665, -0.1194335
8.000127666666666, -0.12008033333333334
8.009697666666666, -0.12008033333333334
8.0214696, -0.1213428
8.040093000000002, -0.1214518
8.054018, -0.1210515
8.07004675, -0.12308925
8.08149125, -0.12151575
8.095989500000002, -0.12378700000000001
8.110346, -0.121993
8.124419333333334, -0.12477300000000001
8.1338735, -0.121285
8.151785, -0.1227695
8.16557525, -0.1232755
8.173322, -0.134161
8.191282333333334, -0.12508066666666665
8.204953499999998, -0.1274955
8.219003333333333, -0.12514366666666665
8.231894, -0.12471
8.2500895, -0.12712299999999999
8.256911, -0.128235
8.276314333333334, -0.13057933333333333
8.2928782, -0.12919799999999998
8.304467500000001, -0.129625
8.315498999999999, -0.12902175
8.3311194, -0.1281216
8.3441495, -0.129777
8.359664200000001, -0.12521369999999998
8.371797285714285, -0.1301665714285714
8.3880112, -0.12530380000000002
8.402767200000001, -0.12834600000000002
8.414234666666665, -0.12792366666666666
8.427388599999999, -0.12719640000000002
8.443509200000001, -0.12945800000000002
8.456105599999999, -0.1297162
8.471115800000002, -0.1312304
8.487827333333334, -0.12922066666666665
8.4968395, -0.1326795
8.513271000000001, -0.12972133333333333
8.5294305, -0.13078125
8.540707333333334, -0.133487
8.553501666666667, -0.132186
8.5675556, -0.1349396
8.581458600000001, -0.13386779999999998
8.59752175, -0.1330525
8.615082000000001, -0.1370355
8.6212042, -0.1341638
8.635669333333333, -0.1360813333333333
8.652657333333334, -0.13564566666666664
8.664231, -0.1381475
8.6806308, -0.1367564
8.690496999999999, -0.13657433333333333
8.706463833333332, -0.138116
8.7203485, -0.135829
8.735617199999998, -0.139503
8.74998875, -0.1370355
8.76139675, -0.14074124999999998
8.775908333333334, -0.13913716666666667
8.792848, -0.14126666666666665
8.804080857142857, -0.140412
8.822701599999998, -0.1420206
8.83421725, -0.14162524999999998
8.848077833333333, -0.14281416666666666
8.86076575, -0.14222574999999998
8.874021666666668, -0.14213216666666664
8.887919, -0.1427345
8.900220428571428, -0.14207842857142855
8.915202333333333, -0.14317933333333333
8.928798166666667, -0.143676
8.942904777777777, -0.14349188888888886
8.958341714285712, -0.1429552857142857
8.970750714285714, -0.1435382857142857
8.983658666666667, -0.14429377777777777
8.998443111111111, -0.14324355555555554
9.01360225, -0.1427345
9.02848411111111, -0.14217355555555555
9.042463555555555, -0.14244166666666666
9.054798333333332, -0.13974211111111112
9.068410199999999, -0.13740599999999997
9.084273444444444, -0.13496677777777777
9.098295125, -0.13330662499999998
9.111725700000001, -0.1291602
9.124915374999999, -0.12693812499999998
9.136190700000002, -0.12458430000000001
9.150131142857145, -0.12087357142857143
9.164723727272728, -0.11716463636363636
9.180540363636366, -0.11258163636363636
9.193006500000001, -0.109284625
9.206936428571428, -0.10544157142857143
9.220604222222223, -0.10146155555555554
9.2347, -0.09941483333333334
9.248182624999998, -0.09360187499999999
9.263408111111112, -0.08863588888888888
9.277530222222222, -0.0830762222222222
9.290742875, -0.08069499999999999
9.3048615, -0.07621219999999998
9.319949666666668, -0.07360824999999999
9.332894222222222, -0.0698571111111111
9.345120727272727, -0.06743145454545454
9.359246636363634, -0.06397645454545454
9.373945555555558, -0.060054
9.388991299999999, -0.055957
9.402123333333334, -0.052187222222222225
9.414951666666667, -0.04963455555555556
9.42995525, -0.04495933333333332
9.443070166666667, -0.04400266666666667
9.4571686, -0.0376644
9.471761083333334, -0.033254000000000006
9.484623615384615, -0.027687999999999997
9.498410714285715, -0.026543785714285718
9.513134928571429, -0.023405142857142857
9.52602290909091, -0.019144636363636367
9.541346117647057, -0.016066
9.55507525, -0.0123718125
9.569709083333334, -0.008604666666666667
9.583604600000001, -0.0037862999999999994
9.596267666666668, -6.360000000000001E-4
9.610732333333333, 0.0028694166666666664
9.624924083333335, 0.0068225
9.639861, 0.011786153846153846
9.653449, 0.01318609090909091
9.667855380952382, 0.018173571428571428
9.680729357142857, 0.0197625
9.693877399999998, 0.02207686666666667
9.7067284, 0.025532000000000006
9.720620444444444, 0.028097777777777777
9.734210428571428, 0.032257714285714285
9.748615166666665, 0.03506883333333334
9.762887181818183, 0.03707681818181818
9.777354583333333, 0.040827083333333326
9.78958776470588, 0.040368999999999995
9.806456533333336, 0.04314166666666667
9.818603916666666, 0.045368
9.832497100000001, 0.04635990000000001
9.847366272727273, 0.049274636363636375
9.861866800000001, 0.0493445
9.874871692307693, 0.051317615384615385
9.889184214285715, 0.05224649999999999
9.903078, 0.054311818181818176
9.918386, 0.054495999999999996
9.931466166666667, 0.05567049999999999
9.945077333333332, 0.05613383333333332
9.959749454545456, 0.05662281818181816
9.971395999999999, 0.05636346153846153
9.984041666666666, 0.05633033333333332
9.998352500000001, 0.05679924999999999
10.012707636363636, 0.0575821818181818
10.027921875, 0.05729962499999999
10.041549875, 0.057046625000000004
10.0560109, 0.05809359999999999
10.06894975, 0.058945999999999985
10.083202749999998, 0.058228125
10.096725666666666, 0.05690685714285714
10.11228466666667, 0.056145111111111104
10.12445723076923, 0.054398615384615386
10.138589875000001, 0.056813249999999996
10.1562895, 0.05589025
10.16791125, 0.05704675
10.1813815, 0.055378750000000004
10.195715555555557, 0.05647377777777777
10.210470999999998, 0.05550228571428571
10.2234741, 0.05625669999999999
10.235754666666667, 0.05555016666666666
10.251648800000002, 0.0551658
10.262292666666667, 0.05610433333333333
10.273901333333335, 0.05437333333333333
10.291172333333334, 0.0542195
10.305885, 0.0557356923076923
10.319867, 0.05513566666666666
10.334598285714284, 0.052620571428571426
10.349993699999999, 0.0517887
10.363750499999998, 0.05514799999999999
10.373807555555556, 0.055465555555555546
10.390510400000002, 0.050829
10.401669545454546, 0.05008336363636365
10.418381555555555, 0.05009211111111111
10.430318727272727, 0.05394399999999999
10.4427094, 0.0522724
10.458803, 0.05237075
10.472023400000001, 0.0501618
10.486925833333332, 0.05434549999999999
10.5000285, 0.049710333333333336
10.5122538, 0.0513472
10.527283142857144, 0.05338785714285715
10.54004675, 0.051161500000000006
10.5566926, 0.05182760000000001
10.568736333333332, 0.05223833333333333
10.584043999999999, 0.050187125
10.597550454545454, 0.049676000000000005
10.6119448, 0.048468599999999994
10.625853, 0.0497926
10.639413333333334, 0.04964733333333334
10.6534645, 0.050144
10.669053199999999, 0.0489008
10.683502250000002, 0.051527124999999986
10.695021833333334, 0.05000408333333333
10.708716499999998, 0.047200000000000006
10.723170000000001, 0.0469915
10.737668666666666, 0.044799
10.7521612, 0.0442686
10.765580285714288, 0.041634571428571424
10.7759008, 0.0437834
10.792377, 0.0430995
10.804671999999998, 0.0443655
10.820736333333334, 0.04214133333333333
10.8338155, 0.04375025
10.846112999999999, 0.040320499999999995
10.858926833333333, 0.04053716666666667
10.876982333333332, 0.03929933333333333
10.889398666666667, 0.04300533333333333
10.898207, 0.038747
10.916832333333334, 0.04028500000000001
10.929200999999999, 0.04244925000000001
10.943206, 0.04147925
10.9583485, 0.038002
10.9761716, 0.037668400000000005
10.9858968, 0.0387446
10.999713333333332, 0.038554
11.015641, 0.037635
11.03106, 0.040181
11.0417632, 0.039040200000000004
11.0561236, 0.0394494
11.071364, 0.037268
11.083683333333333, 0.04078533333333333
11.100219333333333, 0.03967366666666667
11.115427, 0.03967
11.128257999999999, 0.03948375
11.140491999999998, 0.039909714285714284
11.1539575, 0.03953075
11.165210000000002, 0.03957991666666666
11.1843075, 0.040781
11.1953235, 0.041243
11.208732, 0.036890000000000006
11.223616, 0.036145
11.23328, 0.038002
11.25022975, 0.040045000000000004
11.258868, 0.0383745
11.278967, 0.038262000000000004
11.296184499999999, 0.0402255
11.305729, 0.036208
11.3208475, 0.036056
11.3467945, 0.037168
11.3630005, 0.037446
11.372833333333332, 0.037568333333333336
11.385957666666668, 0.034729
11.401122999999998, 0.03923966666666667
11.418011499999999, 0.035778000000000004
11.436780500000001, 0.0336485
11.45746, 0.037635
11.4885245, 0.0364285
11.500323000000002, 0.03605875
11.51802, 0.03967
11.528827, 0.028183
11.541049, 0.035411
11.562446000000001, 0.034577
11.593224, 0.035033
11.61255875, 0.03374025
11.627914, 0.03689
11.6366525, 0.030874
11.670343500000001, 0.035133
11.683211, 0.033554
11.69899, 0.033743
11.721641666666665, 0.03176366666666667
11.740358, 0.033554
11.754858333333333, 0.031207666666666665
11.775184, 0.034666
11.799924, 0.032536499999999996
11.802061, 0.034477
11.828067, 0.0356
11.834822500000001, 0.028272
11.868065, 0.029169333333333335
11.881095, 0.033187
11.8931765, 0.033554
11.910658, 0.033187
11.932770999999999, 0.035500000000000004
11.943932, 0.026326
11.955165, 0.030585
11.9872895, 0.0304515
11.995817, 0.03411
12.0160785, 0.033554
12.049761499999999, 0.036434
12.051403, 0.027816
12.085163, 0.0329035
12.101727666666667, 0.030778
12.115161, 0.036145
12.147923, 0.035411
12.157236999999999, 0.0343935
12.169955, 0.038558
12.1931335, 0.036612000000000006
12.213128333333332, 0.034547
12.231512, 0.040048
12.237483, 0.038369
12.256819, 0.032264
12.268616, 0.041148
12.281790666666666, 0.03893233333333333
12.297897, 0.040971
12.333112666666667, 0.03868333333333333
12.355761, 0.038741
12.363864, 0.040971
12.376731, 0.040875999999999996
12.403765666666667, 0.043498
12.449799500000001, 0.0376345
12.46238, 0.0402255
12.472044, 0.040604
12.487305999999998, 0.04473233333333334
12.510427, 0.04653
12.529477, 0.0472695
12.560324, 0.028739
12.570798333333334, 0.04461400000000001
12.59231, 0.046719
12.597718, 0.047086
12.614441333333334, 0.04844266666666667
12.642924, 0.047453
12.662533, 0.053758
12.669007, 0.0403255
12.6850725, 0.046897
12.711655, 0.0503275
12.728714, 0.0517175
12.738591, 0.04931
12.759778, 0.050978
12.768589, 0.048565
12.782518, 0.038191
12.796923999999999, 0.05221233333333334
12.811953, 0.051901
12.840590500000001, 0.054219500000000004
12.84521, 0.054681
12.85843, 0.051712
12.878478999999999, 0.052735000000000004
12.894681, 0.042449
12.91075, 0.060986
12.918992666666668, 0.052457
12.949201, 0.0568105
12.977134999999999, 0.05517766666666666
13.0059225, 0.0525515
13.030257, 0.05962933333333333
13.042241, 0.048198
13.0583785, 0.0592235
13.090936, 0.0563545
13.101521, 0.061909
13.119433, 0.049677
13.125404, 0.060986
13.1419675, 0.061353000000000005
13.154122, 0.062654
13.167556000000001, 0.055236999999999994
13.19883, 0.061631000000000005
13.205581, 0.058206
13.228325, 0.06125799999999999
13.2441085, 0.0633045
13.259607, 0.064499
13.283580333333333, 0.059562000000000004
13.29259, 0.063399
13.31121, 0.063955
13.326981, 0.060052
13.3431235, 0.063393
13.351862, 0.065433
13.363095, 0.067101
13.376597, 0.067101
13.394654, 0.069692
13.408587, 0.054497000000000004
13.420102, 0.0695085
13.451874, 0.06247
13.459623, 0.073773
13.490747, 0.076553
13.502838, 0.07886599999999999
13.531271, 0.060796499999999996
13.5461205, 0.08229600000000001
13.5633975, 0.078404
13.579744, 0.082113
13.586286, 0.089896
13.619125, 0.094155
13.628317000000001, 0.089155
13.661201, 0.09768
13.672337666666666, 0.09693866666666666
13.685365, 0.105653
13.7124505, 0.1058305
13.7462825, 0.10323399999999999
13.7483425, 0.1182455
13.783599, 0.11386633333333333
13.794261, 0.119174
13.8236925, 0.122977
13.853396, 0.131772
13.8619255, 0.12594
13.8743655, 0.1348355
13.893774666666667, 0.13153133333333333
13.909981, 0.136409
13.944022, 0.1412295
13.973597999999999, 0.1452155
13.9886655, 0.1430865
14.002914, 0.15183725
14.021146, 0.154022
14.047016, 0.149942
14.0729665, 0.156057
14.089666999999999, 0.1632845
14.104453, 0.157536
14.1161815, 0.163374
14.129331, 0.1633443333333333
14.145813, 0.156235
14.185906, 0.16772700000000001
14.194721000000001, 0.161339
14.207797, 0.159393
14.221589, 0.165509
14.241846500000001, 0.1609665
14.254612, 0.16403
14.29487, 0.163279
14.3118605, 0.154667
14.321239, 0.157903
14.335743, 0.1547615
14.355928, 0.156235
14.375973, 0.157903
14.390899000000001, 0.1517925
14.4109435, 0.1530885
14.419401, 0.1440095
14.43881, 0.139189
14.4476205, 0.1436425
14.469797, 0.142336
14.499795, 0.141046
14.524624666666668, 0.13153099999999998
14.527183666666668, 0.135423
14.549266, 0.124356
14.562905, 0.127336
14.575064000000001, 0.126124
14.592622, 0.123622
14.603855, 0.121587
14.622194, 0.123066
14.632568333333333, 0.11398466666666666
14.642093, 0.127892
14.658060333333333, 0.11133066666666667
14.671946, 0.114726
14.728949, 0.09768
14.741253, 0.1021225
14.752336499999998, 0.104257
14.769464, 0.095823
14.781501666666665, 0.09514466666666667
14.827038, 0.081924
14.849641, 0.08248
14.86496, 0.08706925
14.884757, 0.08934
14.900255, 0.07414
14.909348, 0.075441
14.930535, 0.067468
14.944609, 0.123989
14.962801666666666, 0.07080399999999999
14.977234, 0.08257400000000001
14.987401, 0.077109
14.998771, 0.075252
15.016538, 0.063955
15.032459333333334, 0.06820933333333334
15.051654, 0.116027
15.062810500000001, 0.0669125
15.068423, 0.057094
15.087614250000001, 0.07205775
15.122022, 0.070615
15.126713, 0.060241
15.145333333333332, 0.07593033333333334
15.1701775, 0.065895
15.188055250000001, 0.070526
15.203334, 0.068024
15.2132835, 0.0728445
15.2282805, 0.069645
15.243043666666665, 0.07156116666666666
15.25667018181818, 0.06977790909090907
15.2701198, 0.06591369999999999
15.286410999999998, 0.0695474
15.29744, 0.068947
15.309385500000001, 0.069047
15.326633333333334, 0.063947
15.34123, 0.056905
15.3543074, 0.058094400000000004
15.366673500000001, 0.0653385
15.380522200000001, 0.06572700000000001
15.392938000000001, 0.05324625000000001
15.40854075, 0.06348475
15.4226564, 0.056977999999999994
15.435287666666667, 0.06234200000000001
15.450640833333333, 0.06181766666666668
15.460856, 0.05209
15.478127285714285, 0.06074414285714285
15.490637, 0.051812
15.505542285714284, 0.06069171428571428
15.520585666666667, 0.05598166666666667
15.5312624, 0.0570516
15.547784000000002, 0.05899828571428571
15.565341333333334, 0.059901333333333334
15.574415333333334, 0.056538
15.587870428571426, 0.05865371428571429
15.603044285714287, 0.058281999999999994
15.618080375, 0.058296249999999994
15.632190374999999, 0.058784
15.645375699999999, 0.05907439999999999
15.661393321428575, 0.05636996428571427
15.673462500000001, 0.057362812500000006
15.686818162162163, 0.05566427027027026
15.700079261904765, 0.05719290476190474
15.714051640000003, 0.058150239999999985
15.728159473684208, 0.05847731578947366
15.742398, 0.055557714285714266
15.756794181818181, 0.059282454545454534
15.768839428571427, 0.056803142857142865
15.783813222222221, 0.05884088888888888
15.799641000000001, 0.05523866666666668
15.814118166666667, 0.060766999999999995
15.824970666666667, 0.05619683333333334
15.842737666666666, 0.0481665
15.848735, 0.081001
15.865650285714285, 0.051742
15.883951249999999, 0.055564999999999996
15.893941499999999, 0.046574500000000005
15.911979130434784, 0.2724797826086956
15.923365709677418, 0.31494406451612905
15.93836104761905, 0.26692495238095243
15.95051811764706, 0.2701275882352941
15.9641077, 0.2689641
15.979144789473686, 0.22900531578947367
15.994032419354838, 0.20030022580645163
16.006729139534883, 0.13602688372093028
16.019363870967744, 0.12957206451612904
16.034416500000003, 0.3858565
16.048179142857144, 0.3788408571428571
16.064033666666663, 0.37207949999999995
16.07281125, 0.3700575
16.089312500000002, 0.37035033333333334
16.105328, 0.362135
16.1130046, 0.37199340000000003
16.135468, 0.3718468
16.145988, 0.3696405
16.1619555, 0.3748315
16.18815783333333, 0.37785416666666666
16.201566, 0.370853
16.216069333333333, 0.38075983333333335
16.2413462, 0.3858592
16.263405, 0.377891
16.2699762, 0.391417
16.2853, 0.379926
16.296578999999998, 0.39426266666666665
16.314394000000004, 0.39184966666666665
16.32816125, 0.392341
16.344017, 0.403277
16.353962666666664, 0.39351433333333335
16.369790666666667, 0.397532
16.385022999999997, 0.400686
16.393295, 0.40006733333333333
16.412722666666667, 0.399389
16.421584333333335, 0.40192033333333327
16.440469, 0.393269
16.44928, 0.40805
16.471098, 0.395871
16.47493875, 0.40976225
16.4972925, 0.4052255
16.510338, 0.411989
16.524746, 0.40982999999999997
16.535500499999998, 0.4146745
16.551384000000002, 0.4091175
16.568335, 0.403833
16.57239, 0.4256105
16.588145666666666, 0.4150153333333333
16.606227, 0.425427
16.6166755, 0.4173655
16.6346555, 0.427834
16.6439655, 0.419217
16.663825, 0.42965600000000004
16.678084, 0.415319
16.6886045, 0.4351565
16.695433, 0.42496
16.71267633333333, 0.43083099999999996
16.7297595, 0.4293135
16.741487499999998, 0.434317
16.758877333333334, 0.43775499999999995
16.775247, 0.429408
16.7871205, 0.443863
16.80218766666667, 0.43979000000000007
16.817609, 0.4376525
16.828271, 0.443863
16.838770666666665, 0.45387400000000006
16.852172200000002, 0.4545732
16.867865, 0.44732500000000003
16.885870666666666, 0.4475696666666667
16.893598, 0.450168
16.913427249999998, 0.45109075
16.936714666666663, 0.4562833333333334
16.950319, 0.449234
16.965101, 0.4550825
16.984292, 0.452392
16.992967, 0.457212
17.020261333333334, 0.4582556666666666
17.042438, 0.472407
17.051104, 0.459063
17.0644655, 0.46258299999999997
17.084088, 0.46221
17.09063, 0.45406
17.099159, 0.475743
17.1195575, 0.46082
17.13331966666667, 0.46752166666666667
17.159719, 0.479824
17.189998, 0.482781
17.21928, 0.485561
17.233354, 0.486862
17.542475000000003, 0.534398
17.54894475, 0.5311982500000001